PID,Sale_Price
527145080,186848.12
527162130,188946.11
527166040,164394.56
527358140,211072.17
527358200,186966.48
527402200,154430.5
527454200,136063.94
528108120,344905.97
528112020,295227.47
528120100,234587.72
528175010,218792.81
528181050,214174.78
528188120,167181.64
528231020,180594.05
528240130,191198.52
528344070,345291.03
528358010,235650.11
528382030,206042.33
528458070,197347.62
528458110,252149.23
528477080,232017.48
531451280,201198.33
531452020,126004.1
531452050,124400.42
531453010,147656.38
531453040,164882.7
531477050,85390.22
532354090,152074.7
532377100,131183.23
532378110,147121.4
532479070,188486.1
533130020,226530.62
533205060,231301.02
533208090,180772.9
533210060,172290.14
533212010,153114.77
533213030,252633.77
533221090,160517.28
533221110,176157.72
533223020,166254.38
533253210,190496.69
534152070,204691.92
534152100,192709.69
534403410,166499.67
534427010,153766.39
534430080,144745.48
534431050,195741.27
534475100,130279.836
534476260,172054.84
535101020,166729.92
535125010,261178.53
535154050,120216.83
535179020,188399.83
535302200,130635.54
535325400,93789.35
535350030,151574.0
535353190,121848.7
535377090,136498.17
535457010,140697.67
902104060,89478.336
902128170,101938.04
902402010,147961.84
902402130,110349.17
903425110,142580.52
903430080,118158.14
903450110,111848.27
903476030,144740.38
904302260,104711.95
905107320,139615.67
905202090,137601.55
905378040,139264.33
905453040,166480.31
906201120,236410.48
906378100,239935.88
906380190,189614.0
906385010,192151.8
906402200,356848.53
906477110,149809.11
907200340,129478.08
907203070,127527.47
907262050,223461.4
907280040,232359.16
907290170,143696.73
907401090,257193.33
907414030,189900.28
908102110,95402.89
908102130,114426.914
908102170,151060.12
908103350,130730.13
908203100,96140.16
908275300,145276.39
909176140,142889.92
909455030,183811.36
910205120,114476.69
911202100,82677.02
911370510,267799.4
914476520,214484.23
914478045,148156.28
923204150,146053.77
923228270,79111.22
924151040,290089.06
924152030,201725.53
526302110,122431.94
526355080,375260.6
527105130,272464.53
527108070,360638.9
527110020,166347.47
527162120,187242.89
527163130,177234.0
527164090,160417.81
527165130,163693.53
527258020,263579.2
527301320,247946.39
527356040,151926.25
527359180,177619.62
527364030,232590.39
527375180,155759.78
527376100,149667.6
527402220,133823.95
527404020,127669.97
527405130,107713.164
527405180,119285.375
527425060,110683.59
527451650,114248.625
527452060,127737.56
527453050,144603.78
527454130,135233.94
527455050,146911.23
527455060,137480.08
527455090,120068.91
527455240,115518.99
528108010,265700.2
528108020,338551.12
528108070,349545.5
528108140,370237.34
528110020,519634.03
528110090,465601.88
528138010,324722.75
528142150,247208.08
528174060,194090.05
528180120,343330.72
528180130,247485.95
528186010,312083.0
528188060,173364.28
528218090,169853.25
528220040,166712.75
528228295,212547.98
528228450,191684.16
528240150,196992.42
528290180,188208.75
528315090,352058.3
528321010,359215.1
528327070,353074.06
528354050,271592.34
528385050,234726.69
528387030,256020.39
528431070,243780.58
528435050,290366.94
528480040,259818.62
528480130,219295.22
528482040,254465.67
531363010,181282.38
531363030,174575.11
531369010,209188.86
531369020,255191.6
531371050,195790.55
531375090,132209.36
531379050,242809.1
531450120,195993.25
531452010,131067.445
531479020,73721.34
532376070,129481.41
532376110,133355.62
532378120,124450.734
532378180,112680.375
532478020,309386.9
533206020,247118.03
533221040,176568.61
533236050,205105.6
533254050,215351.64
533254110,189772.66
533352150,146616.05
534128190,242599.16
534152120,156458.16
534275060,126164.39
534276040,121898.68
534278070,162326.42
534278230,137487.03
534426110,143734.16
534475250,166874.52
535126100,125797.34
535151040,146030.66
535154060,171632.03
535178120,136021.52
535179160,131312.8
535303110,139166.75
535351050,173180.7
535353060,116176.03
535353140,97390.766
535353240,184551.72
535383110,94290.51
535402270,135077.06
535452100,113847.61
535453200,135889.14
535476110,140536.48
902101010,115448.945
902105060,128513.23
902109140,130125.0
902110080,140424.75
902204080,87267.45
902325070,131281.86
902327070,148675.73
902329080,117511.3
902405100,150915.27
902406070,162182.83
903202170,141092.6
903228070,108548.35
903232060,98343.984
903400220,165839.02
903429080,162246.4
903430060,119046.49
903430070,77115.37
903476090,131193.5
903481120,124373.375
904301100,139828.73
904351240,88902.14
905108190,138047.0
905225090,161227.78
905228050,48445.56
905325020,221739.53
905377010,132921.89
905377130,108120.21
905402070,104405.625
905450020,145583.6
905452040,162473.56
906201130,308283.3
906203120,286547.56
906223080,222641.38
906226060,162360.02
906226110,121402.13
906230020,281886.12
906378110,231712.11
906380050,221889.73
906380060,313920.88
906380210,201462.14
906392070,190470.53
906426210,227534.61
907126010,151335.25
907126050,144816.45
907135170,145302.02
907181100,199030.55
907194010,218717.72
907201220,130519.85
907202080,133762.83
907227110,131773.31
907252060,246596.58
907252210,243015.97
907285020,232176.62
907290070,174945.27
908102050,107922.21
908128060,198081.11
908154040,326775.28
908275040,127177.08
908276150,75968.02
909101100,132188.05
909101140,136130.14
909129090,103448.49
909129100,116272.234
909179020,214763.42
909253180,158938.4
909254010,146655.34
909257050,230848.6
909275080,172254.33
909277090,135588.03
909277100,139704.9
909278020,131668.42
909279010,214216.66
909282130,127682.76
909425060,176875.19
909428240,210947.02
909451040,105037.305
909451140,114813.66
909451180,124800.164
912251110,49161.855
914465040,275178.5
914465055,235063.16
914476020,126447.22
916176030,142132.62
916382100,396575.44
916455070,222325.88
916460110,196371.19
916475040,369411.34
923228110,80778.81
923230200,129005.15
527105050,179633.84
527106150,203804.27
527107210,208895.61
527131110,259395.75
527326130,141849.2
527357180,295275.03
527358120,156870.53
527359030,145796.88
527401130,142119.75
527402060,157510.8
527450520,105050.83
527451400,93571.54
527452150,128196.19
527453160,145919.56
527454120,129082.43
528104050,434179.84
528108150,292233.78
528120130,366770.12
528178090,380997.47
528180110,330046.6
528181010,194921.06
528186030,288317.8
528186170,207457.62
528188090,165185.69
528188150,177573.38
528228345,231715.42
528228465,169841.6
528228540,180035.0
528235180,191177.9
528240050,188152.05
528315060,257875.38
528326030,302789.72
528363020,317087.4
528427010,234787.81
528427070,210962.3
528429070,243488.52
528431060,254418.84
528431080,199989.88
528435020,284080.75
528439010,223596.78
528458050,206550.11
528478030,263816.3
528490080,195723.53
531371070,194967.55
531373060,190509.78
531375050,146375.89
531375120,169477.86
531450030,200705.23
531450090,170735.77
531452140,158877.64
532477030,182917.94
533213070,169031.22
533215020,272438.53
533215040,254689.77
533215070,269288.9
533215080,285349.88
533217060,165518.42
533234020,216824.48
533236060,203531.56
534126090,174681.86
534127210,174811.34
534127230,176829.31
534128050,150010.25
534129060,214076.97
534175140,150872.95
534251280,165506.27
534252090,170105.0
534277070,120176.13
534400060,157567.12
534401130,160746.92
534426040,149868.83
534427040,139630.05
535104020,157218.75
535105090,154474.7
535126140,218754.84
535150280,132958.4
535152200,132465.05
535153140,172268.78
535178060,138144.33
535180100,141572.56
535354200,143961.05
535375140,82956.06
535380050,153132.0
535380140,135753.27
535403010,135450.64
535451230,105776.97
535453020,149706.98
535453040,123342.07
535454150,136320.98
535476370,183276.25
535477090,119026.74
902102060,153128.5
902103150,127497.68
902105010,96762.98
902128075,107144.555
902136110,95469.24
902201120,100440.83
902201140,146255.88
902205140,106874.32
902300260,125102.125
902301140,83390.42
902305080,133840.67
902306120,119560.195
902330010,149135.56
902402260,42180.473
902427045,96604.66
903225160,115755.55
903226150,111177.75
903228040,150955.72
903231080,112684.68
903232090,153934.1
903401050,140076.6
903426160,156313.2
903429010,124863.5
903458110,103591.25
903481010,90441.875
904100020,107576.734
905108170,146596.47
905200100,121610.72
905200510,137079.08
905201020,139185.72
905201120,159036.81
905202230,200225.94
905226030,103487.47
905401045,225726.67
905403060,106408.93
905426030,199769.33
905477050,131848.86
906378190,172732.55
906476030,195121.92
907135020,143887.62
907135260,143419.62
907194020,206868.69
907201060,141127.31
907202190,129461.41
907227300,121413.016
907254020,270020.03
907254090,229247.25
907290150,142317.9
907295100,224616.67
907405020,223995.89
907412070,198653.56
907412080,193203.05
907418040,188871.16
907425035,154225.92
908152110,156471.6
908201110,75095.78
908201120,102458.89
908275180,134272.03
909101060,69191.95
909131170,141976.02
909250230,175577.4
909252110,165613.16
909253190,103031.81
909256060,125718.43
909275040,123099.164
909276170,166913.67
909277070,112341.2
909282030,339272.2
909425010,222888.23
909451020,112876.234
910203020,105073.875
910226040,148583.03
911102180,77619.98
911226010,95855.16
911370410,283826.75
911370540,278535.38
914467050,217465.62
914476010,165562.31
916125425,222257.39
916384100,263348.53
916386180,211585.7
921126030,272729.2
923202005,208889.42
923202015,208701.06
923202137,115599.01
923225200,130942.38
923426010,131277.73
924100020,161589.2
1007100110,105395.03
526355190,313597.4
527105140,198572.48
527158090,170965.02
527165020,164427.02
527175130,157862.23
527182040,149309.03
527184110,212432.27
527226040,163112.73
527252050,296990.16
527252070,245969.22
527301080,182242.17
527302090,207831.11
527353080,175499.89
527404100,120696.555
527404140,108618.15
527450150,108035.8
527451020,111390.76
527452100,129275.35
527453010,158218.53
527455250,123943.086
528102090,365546.9
528102120,296731.38
528106050,476768.8
528108160,288390.16
528110040,474877.44
528168040,283396.97
528172070,239348.98
528174010,189124.77
528174030,184947.27
528181070,222676.62
528181080,211238.92
528186050,296215.66
528186090,294369.12
528222030,179824.45
528222060,175747.94
528228270,202430.11
528231010,249006.11
528235000,179855.84
528250010,168274.62
528250070,204128.14
528275035,166666.66
528290170,194185.39
528340030,432418.25
528366050,341171.6
528366070,288594.03
528376010,332489.94
528427040,196445.92
528431030,226659.2
528431040,442374.0
528431110,311216.62
528435040,298823.75
528439040,236974.36
528439050,230984.9
528445020,239490.77
528456190,218317.17
528477020,257618.02
531363040,145296.06
531375140,154513.6
532353120,116235.32
532354010,141694.53
532354060,122044.32
532376040,125734.62
532479120,191186.48
533120030,319256.66
533130170,307993.56
533213130,164700.25
533221060,159693.38
533221100,166711.16
533250190,258466.53
533252130,203221.62
533254100,167823.97
533254130,179098.61
533350020,387347.72
533352075,189943.94
534125120,145770.17
534127260,165765.02
534151090,210402.73
534252040,142099.56
534252070,110139.63
534275220,127386.71
534276070,140821.72
534278170,139316.0
534401120,160473.97
534403290,217837.58
534450110,56275.758
534479120,127911.27
535101150,142209.1
535102010,147137.69
535106180,135634.98
535151100,131499.89
535180030,131934.27
535302070,129421.91
535354050,135589.72
535379110,145753.9
535450190,116172.92
535450220,123923.34
535451110,139089.78
535477130,155235.84
902100010,100791.836
902107050,127400.32
902125120,82897.85
902201130,116809.164
902202070,104382.625
902301030,127553.74
902301130,114070.41
902303100,157348.8
902304040,132366.3
902305010,127227.79
902330090,214754.42
902408080,191438.08
902427040,114991.51
902427140,90935.11
903204030,131552.45
903206170,179000.94
903233030,127802.51
903233140,139258.75
903234160,106403.65
903236130,191842.9
903425280,144928.22
903430040,79445.02
903475040,135855.97
903476100,89202.445
903484080,61149.035
905100060,135095.23
905100080,158143.56
905103110,125789.42
905105040,116465.78
905105170,125852.42
905228020,96554.46
905352180,221531.34
905401020,261404.05
905451390,158100.89
905480090,98399.99
905480180,117093.36
906201022,194246.14
906201023,237830.39
906203140,290324.28
906378120,266793.03
906378150,304473.56
906378170,224760.23
906380040,263629.97
906382020,207253.55
906392080,172313.81
907125040,147072.03
907135050,148422.16
907135080,160039.31
907180040,199040.98
907187060,211386.44
907192040,220273.86
907192120,206787.81
907200190,135902.75
907200250,148470.42
907203110,133918.81
907227100,118768.21
907250050,292441.5
907260050,231404.05
907262020,194950.81
907275080,231885.42
907275150,306446.6
907295040,260060.83
907401060,206805.77
907414070,184704.2
908102160,136091.45
908152060,125836.46
908152180,150714.48
908186050,139836.2
908204180,81418.98
908275200,105493.17
908275240,104738.016
908276230,114392.21
909176080,163635.16
909176170,149322.7
909254100,148438.14
909275110,195677.44
909282020,226492.83
909425140,263320.4
909428120,213547.0
909428180,177955.0
909451130,113697.44
909475070,219876.12
910200040,121737.664
910201050,133666.05
910201180,166356.03
910205130,153065.72
911370450,285408.1
911370460,278353.47
914460020,192544.17
916384050,210104.36
916384150,253481.58
916386170,266553.72
916455010,200653.94
916455050,214130.66
916475020,280670.44
921128030,340330.9
923204050,144495.84
923228220,92442.49
923228390,77220.46
923230180,130856.12
526302040,148301.03
526303060,215166.67
527105060,185583.69
527107020,173598.89
527108010,297529.62
527108020,229105.62
527108030,233545.72
527108090,251154.47
527163020,172422.95
527190050,210989.06
527190220,249559.31
527216010,436600.6
527216050,420260.44
527252090,307306.44
527254070,332777.34
527256120,451133.47
527301010,217583.25
527302080,234656.19
527325160,222991.78
527327080,194459.67
527328010,156214.25
527377030,167262.66
527378010,152539.8
527402380,95169.44
527450460,110764.586
527451460,104947.29
527451520,96640.414
527452310,130266.17
527455100,134263.33
528102080,420488.53
528106010,389693.12
528112010,249932.06
528118020,321813.4
528120110,256013.06
528138030,372139.72
528172150,260438.33
528174080,216371.89
528180080,273612.3
528181030,192985.56
528186110,302187.66
528188040,175477.47
528228325,188762.58
528228550,172468.84
528228575,289483.8
528235130,208354.62
528240080,229280.27
528315070,266780.3
528327010,423799.0
528365090,316727.16
528366040,330078.7
528429060,247124.64
528429100,333827.25
528429130,301823.03
528445010,205680.89
528477010,428918.16
528480070,264091.22
528480110,179912.62
528488110,188421.03
528488120,178826.39
531363080,137172.84
531367010,189368.6
531376030,186852.4
531379030,191762.42
531452210,157950.78
532353180,162879.56
532376250,131178.86
532378050,136122.1
532378130,114066.055
532378220,125527.336
533206040,165904.97
533208050,214641.6
533212100,151816.19
533241010,186275.05
534175100,169631.95
534275010,129727.125
534276010,121100.91
534276230,166320.5
534403440,160161.45
534428060,129211.76
534451120,94894.56
534476100,142769.1
534479130,159618.92
535103070,164683.6
535105160,107390.79
535125060,220406.23
535151130,145403.9
535179050,149834.97
535180020,164855.03
535304020,144600.89
535353180,231387.05
535354130,135286.95
535381060,91929.24
535402070,151572.42
535403150,149576.4
535403200,121327.59
535404080,126488.586
535425040,190601.73
535425050,151476.75
535426195,202974.48
535450100,135709.77
535451190,114718.76
535451210,102844.31
535453160,119784.01
535454030,80857.43
535454060,88633.95
902108060,103613.68
902109010,101976.93
902110120,127351.73
902110130,99735.24
902128020,92683.49
902204060,124425.58
902207080,115865.88
902301120,132160.44
902328100,155899.47
902329090,145163.8
902406030,113803.21
902456015,62674.613
903202120,138734.75
903206160,166877.86
903231070,124059.69
903231220,89888.96
903425340,113135.75
903455090,131595.11
903456060,81277.08
903458010,102897.29
904100030,131501.02
904100090,163788.62
904101040,116294.195
904302020,90294.67
905100030,134769.67
905101450,146529.1
905105010,130850.5
905107220,164018.56
905201090,162858.28
905225080,202774.23
905300080,142090.34
905351150,213027.1
905402110,134849.12
905403050,110845.53
905426100,185075.72
905426150,210003.6
905427030,295082.78
905451410,130416.95
905475150,134199.06
905477010,98074.24
905480160,108028.69
906202040,169404.66
906223180,226233.77
906225180,197201.62
906382040,203279.97
906382050,245533.53
906392100,221993.02
906394010,215905.84
906394040,209545.06
906420020,232940.02
906475050,180861.72
907125020,137999.88
907175060,201685.72
907201160,145819.81
907202140,140879.75
907252050,208220.16
907254050,196451.92
907275030,218847.28
907290080,221734.89
907290260,250216.34
907418020,168665.86
908128100,180779.62
908186060,131801.6
908188110,139257.42
908188140,139253.97
908227010,94797.59
908227040,81993.88
908275290,114729.16
909101050,121384.88
909103020,91811.13
909131125,133535.83
909175030,159968.05
909250070,162459.45
909250120,141233.27
909250210,124336.016
909253080,154705.86
909254070,172225.9
909256010,158311.81
909276010,204392.48
909475020,202618.42
910200020,96070.31
910200060,141749.0
910207110,89743.086
911175430,48810.027
911370430,312132.12
914476050,149378.69
914476130,152829.42
914476500,206782.69
916252170,128471.81
916326010,235653.7
916460070,192792.05
916475100,341402.03
916477010,353694.53
921205050,343116.62
923125030,57313.742
923203100,181653.08
923225510,137112.4
923226150,149071.28
923226290,80598.28
923228210,78545.51
923228310,81930.88
924151050,224433.6
