PID,Sale_Price
526301100,184757.77
526351010,156488.31
527105010,187059.58
527105030,192928.7
527127150,200641.69
527145080,179750.72
527162130,190496.88
527163010,175908.08
527166040,161793.53
527182190,215081.95
527216070,394672.34
527368020,205622.84
527402200,154542.77
527402250,158657.48
527403020,140331.58
527451180,99684.84
527451410,97278.164
527452190,141986.58
528120120,293777.1
528138020,298168.75
528181050,213674.94
528188120,167432.3
528292020,207148.23
528358010,240854.28
528363130,344769.47
528382020,301496.53
528382030,209283.84
528445060,237005.33
528456160,195933.83
531369060,187677.84
531452180,208835.05
532351140,127720.99
532354090,145152.44
532378110,150029.42
533208090,178026.28
533212060,150891.67
533221090,167123.61
533223020,164661.3
533253210,191577.8
534251320,159550.28
534401110,149343.22
534425310,140710.97
534431050,202796.66
534450180,125508.19
535152010,133803.92
535175070,140876.78
535179020,190049.77
535353190,120833.26
535401080,167219.11
535450210,141319.1
535453070,156005.97
902102100,107882.9
902106130,104017.82
902110090,144970.94
902206040,127408.586
902206220,158811.89
902206240,117001.6
902207130,50104.977
902327040,130816.19
902402010,141943.39
903204040,140324.48
903226160,109244.58
903234050,117693.555
903450110,108317.95
904302260,95004.49
904352190,140179.48
905101310,120399.83
905102060,129199.31
905104210,126931.59
905105200,131822.84
905201030,70147.52
905453080,257497.9
905478190,84661.25
906225210,162170.77
906378100,245121.06
907203070,132512.06
907252120,249921.1
908102060,62107.332
908102130,102595.586
908152080,129219.15
908208020,143196.03
909100110,122806.375
909101070,70706.6
909176140,143859.9
909177100,110188.484
909452114,207410.16
909455030,176209.64
910205120,108400.94
911202100,90599.94
911204100,88741.54
914467040,262338.1
914478045,151036.22
914478110,166443.95
916455170,221994.72
923201020,140742.1
923204150,134101.95
923225300,93462.55
923225440,96000.25
923230190,134765.81
923426070,140763.03
924151040,297235.25
527105130,265160.0
527110020,167735.64
527162120,189614.72
527166010,226148.12
527182110,189369.48
527214050,449752.4
527258020,269086.38
527352150,189427.47
527353060,251595.56
527366030,228990.08
527375100,211885.77
527375210,157099.28
527404020,128328.664
527405130,105590.91
527451540,105550.336
527451650,119098.73
527453050,147789.38
527453140,147712.86
527454050,141027.47
527455050,155992.28
527455090,122433.22
527455240,116119.2
528104070,457779.62
528108140,362983.84
528142040,335847.94
528142130,258062.6
528144020,214190.5
528174050,195496.5
528174070,189827.5
528178010,389221.8
528186180,219009.92
528221070,178071.8
528228435,196231.53
528235200,170537.23
528250040,179366.45
528280230,212506.62
528292040,189635.88
528292070,221157.28
528321010,360226.06
528354050,270299.3
528390100,367639.66
528431020,242245.2
528456220,212379.6
528458180,230124.53
528477070,272926.12
528490070,209013.97
531363030,177031.45
531363050,139611.0
531375130,164371.05
531379050,230923.23
531385020,205044.19
531452010,133404.72
531452260,184343.28
531453100,161440.88
531477020,80585.14
531479020,81660.98
532353020,127540.37
532353130,128261.49
532376110,133948.95
532378120,126613.74
533223030,174626.06
533252040,298161.62
533254110,189954.45
534125080,158059.58
534128020,202393.05
534128100,159178.38
534129080,204437.52
534151120,235546.08
534175080,223646.89
534177230,224902.19
534250400,196962.55
534251030,171521.75
534275060,128373.95
534403370,158467.55
534451110,120760.914
534476150,174452.78
535126010,198699.03
535152230,161356.67
535154060,172459.14
535154130,148170.12
535178040,113247.16
535178120,139945.47
535303110,142122.06
535353060,110012.61
535353140,101284.805
535354100,146471.95
535376060,147187.36
535378020,112839.32
535402330,175298.66
535403190,149620.92
535451250,145695.83
535452100,112956.89
535452140,109696.945
902103120,132355.7
902103170,96938.836
902106010,145809.94
902204080,91302.26
902205010,51229.508
902206260,97507.86
902325070,126742.04
902401130,152889.77
902405100,151313.6
902406070,160241.06
902477130,48061.258
903201020,130841.39
903202170,140895.6
903227070,130899.68
903228070,107451.84
903230100,110761.42
903231010,129333.31
903231130,106146.12
903232060,101626.445
903427120,159508.44
903430070,79911.44
904351200,114284.586
905105190,136291.08
905107310,144587.1
905108190,139190.77
905108220,140173.73
905200220,130669.68
905200350,145018.92
905377010,136062.64
905402070,105551.04
905451300,115634.62
905478030,138032.12
905480030,113431.984
905480210,111878.15
906201021,173290.39
906223060,207034.08
906226070,114391.234
906226080,155288.27
906226090,136505.2
906226110,123369.24
906226130,154611.47
906340110,311298.25
906340130,331186.4
906380050,220530.7
906380060,320625.4
906380130,230650.97
906380220,223086.02
906392070,196115.72
906392110,259203.86
907126050,140752.3
907131090,208666.23
907135170,149916.16
907180130,213822.53
907181100,207357.34
907192090,209219.39
907194110,191202.89
907201220,135440.83
907260030,191368.34
907275140,294299.5
907290210,142050.92
907414020,199214.17
907414080,173551.88
908102290,118961.71
908151050,140011.14
908152035,123863.67
908152100,138224.97
908276150,83350.51
909101140,144207.84
909250080,116884.83
909277100,146323.12
909279010,218758.81
909427200,156242.84
909428240,223193.27
909451040,112728.1
909451100,136550.5
909451140,120224.28
909475040,301462.88
910204050,152863.38
910205020,89460.07
911104060,66816.69
911370500,299624.22
914465055,236209.23
914475030,180260.58
914476020,115953.66
916386140,231549.75
916403250,241042.25
916455070,214458.06
923203190,177865.58
923228150,96513.49
923276260,150090.11
923400110,143295.9
527127140,275704.66
527140090,207342.9
527163100,184692.58
527183060,215467.92
527302070,179594.45
527326130,145424.98
527359070,194878.12
527380240,308429.75
527402130,109395.86
527403360,122227.19
527427110,163186.8
528104080,411276.28
528110080,369807.9
528142020,269268.9
528164060,501249.72
528170070,254009.61
528178070,370583.9
528186160,221633.19
528188150,177656.05
528228465,169913.2
528240040,157788.78
528253020,223240.31
528292060,233925.77
528365060,323118.56
528429070,245645.72
528435020,280512.28
528462040,205547.94
531373060,191026.1
531376070,173200.02
531384030,190094.53
531385060,195233.23
531450090,172428.72
531451020,201975.02
532353050,137103.9
532377020,101810.086
532477030,192467.06
533208080,155493.66
533212150,148267.38
533213120,170515.44
533215030,244154.02
533215070,262292.06
533215080,286990.62
533217050,156816.83
533236060,197764.56
533236090,262545.06
533250110,218484.64
533251120,161440.11
534175140,151201.95
534177180,255981.58
534204030,143103.61
534225110,137224.78
534250335,181649.61
534250410,178676.38
534277060,116918.39
534400030,149305.48
534401130,157416.33
534427040,142533.2
534451080,67879.53
534477090,143560.58
534477270,170525.69
534479150,120512.06
535103050,214571.19
535105030,133479.81
535105060,161074.55
535150210,142727.17
535151160,140862.81
535152200,136574.73
535153150,163626.4
535302130,145275.83
535305030,119547.086
535375140,84522.086
535383100,95035.12
535427070,229706.61
535452120,134292.39
535453020,152291.23
535453210,146675.77
535455060,118956.38
535455090,121649.46
535456070,150767.95
535456100,113303.11
902102060,162981.34
902105130,77098.75
902109080,117632.96
902128075,110540.66
902134100,85858.37
902205140,109767.9
902207120,73593.08
902207220,280770.84
902326060,151301.9
902427150,109713.266
903201030,129670.97
903228040,154576.53
903232090,152379.28
903233080,157787.73
903234100,137720.62
903235010,137171.0
903235100,62311.656
903429010,132323.89
903453050,132058.02
905104110,137496.86
905107280,156597.6
905107380,127288.1
905200160,104643.37
905352030,212839.05
905352070,251616.92
905403150,152894.0
905427070,229287.7
905452070,110676.52
905477050,139186.52
906204280,245495.61
906223140,226884.34
906412050,364106.5
907126030,152203.11
907187080,185153.05
907202190,131528.11
907227300,122365.87
907250020,242298.8
907253110,225360.58
907254090,234217.08
907255020,262313.3
907260010,249586.2
907262030,214348.27
907262070,186352.52
907290150,141151.27
907295100,229712.31
907405020,225156.28
907420080,192501.94
908102030,99080.34
908103280,147634.14
908127120,124291.68
908128050,136991.12
908128110,188994.22
908154080,204458.19
908201110,73784.58
908204160,82441.76
909100150,118873.59
909101060,70934.555
909175100,159225.9
909177120,164100.08
909201110,112457.94
909252220,142121.66
909275040,128368.32
909282030,310219.78
909451150,150199.5
910200080,113045.8
910206110,96004.09
910226040,160144.2
911226030,88509.02
911370540,283824.56
916125425,220771.66
916382120,310893.6
916386180,219409.02
916402015,182167.28
916402215,180585.61
916403230,191842.17
916455120,256034.55
916477020,326856.94
923202137,120573.68
923225150,117129.66
923225310,104691.98
923228080,111199.59
923277030,137275.83
923277040,148577.94
924100020,165132.45
526352080,171353.67
526355190,309111.75
527161090,186850.98
527162090,171630.72
527165100,166152.45
527184110,214273.05
527210060,382840.1
527212060,347430.47
527226040,159351.38
527256030,371988.56
527301080,195308.47
527301280,145268.36
527302060,198290.9
527325110,188004.6
527327050,193084.97
527328020,164742.83
527328050,161387.77
527359160,186201.16
527377110,187134.17
527402090,133119.53
527402240,171539.4
527404050,124675.25
527450220,107367.03
527451020,110094.16
527453010,158832.34
527455030,145879.77
528102100,261264.48
528106050,456076.22
528106060,322208.03
528110040,472696.88
528118050,443277.3
528150120,352180.88
528166150,347869.44
528168040,301917.75
528172075,243768.72
528181060,218953.75
528181080,213961.64
528186050,290871.1
528188160,197274.8
528218100,172446.97
528221040,200757.88
528222030,184446.67
528222080,176576.02
528228270,201419.3
528228555,179746.95
528231010,247008.7
528250070,207857.86
528290170,190404.97
528320050,476732.44
528326060,262193.25
528327060,438682.84
528348030,260491.98
528351010,484943.72
528364110,313917.0
528429090,319637.16
528431110,307200.06
528435040,300134.97
528435060,247615.56
528435070,251377.08
528458080,241943.67
528458130,319709.4
528477020,256011.84
531385070,174990.66
532353120,114621.21
532354010,142222.12
532377050,141844.88
532476080,282088.1
532479050,140692.44
532479120,191270.92
532479140,160497.08
533205110,228872.17
533206060,192925.94
533208040,188813.89
533208070,160927.3
533213130,172037.95
533221060,166002.31
533221100,172453.05
533236040,175354.5
533241030,231313.14
533242080,187097.23
533242090,289094.25
533244040,320957.34
533250190,247292.5
533251110,285507.2
533251130,210653.1
533254100,174375.77
533352075,194411.08
534104090,235610.56
534127080,209318.58
534127260,166204.12
534177210,165990.9
534204120,149366.3
534252060,134460.66
534252110,126647.07
534276070,136381.84
534278190,116599.15
534429030,99744.375
534450110,56420.152
534451020,60318.574
534476080,137862.16
535102010,150799.45
535106140,114821.98
535126180,182151.64
535154080,149423.7
535155110,144142.39
535301160,133854.2
535302070,126451.68
535325280,124867.305
535325320,126817.61
535354050,133667.95
535379060,100636.71
535403030,130492.72
535450190,122867.76
535450220,123541.73
535451100,107092.97
535477130,153079.0
535477180,116152.766
902106120,88756.86
902128160,121931.82
902207010,102320.03
902300040,129015.36
903204030,129915.56
903205085,114171.3
903225040,130109.234
903227140,128351.914
903231050,113736.59
903234160,100352.35
903400040,165773.7
903426010,132244.55
903451110,123750.445
903454090,133634.81
903456110,213189.08
903457040,168459.28
903457130,98425.42
903458060,120409.36
903475040,130373.18
903484080,70116.484
904302010,114404.54
905101200,107677.53
905103110,124161.12
905104030,129973.44
905105040,112504.06
905201080,152783.08
905225020,173512.81
905226130,147595.14
905352180,223611.92
905377020,149535.05
905377050,87742.54
905475270,109849.164
905476160,115468.44
905478140,143952.27
906201200,275633.4
906340080,332199.94
906378150,292594.1
906378170,222527.81
906380040,257525.66
906380120,199740.56
906380200,193643.36
906402070,260708.2
906426060,282601.84
906475110,207336.19
907125040,152549.25
907125120,136287.44
907130060,177857.94
907131120,190758.66
907135050,150209.81
907187060,210725.44
907192020,187231.81
907200190,139297.67
907200250,148620.31
907252020,237415.69
907252190,243133.95
907260050,228486.6
907275080,238286.95
907401060,208611.9
907414060,187062.08
907414070,191939.16
907420110,163309.02
908102100,141974.8
908102160,127328.414
908103090,117998.01
908127060,141540.44
908152280,169840.12
908152290,163506.45
908186050,138808.2
908204090,133759.02
909250150,163641.39
909252170,121398.2
909254130,172845.25
909275110,195461.83
909275310,216425.34
909276160,284043.9
909281020,133848.97
909425270,193937.2
909428120,225603.78
909452102,173930.48
909455060,160242.28
909475050,231277.4
910200110,134122.42
910201110,98425.7
910201180,172872.95
910202030,93551.73
911370450,291743.7
911370460,277310.84
914452120,162542.22
914452190,145882.55
914478020,137166.3
916326090,213187.05
916384070,268579.25
916455050,206492.4
916455150,328980.66
916477060,274047.12
921128030,336139.2
921205070,296764.78
923202220,131113.33
923204050,142290.9
923204140,142974.7
923205025,164881.92
923225040,138556.9
923228200,96339.78
923228250,85545.336
923228290,76647.586
923228390,79555.87
923229010,161178.89
923229140,188946.11
923275200,135689.83
923276180,140062.56
527107020,178825.88
527107030,181087.12
527108040,244121.88
527166030,183077.11
527182020,159522.89
527190050,210497.45
527210030,442978.97
527216010,430989.66
527256120,444393.94
527301010,215303.6
527355060,189029.38
527356020,293215.06
527356060,175488.84
527402380,95654.89
527404180,101346.445
527427210,195349.08
527450210,104301.23
527450460,114451.58
527452070,150381.67
527455100,138976.03
528102010,359363.1
528106120,260255.34
528114010,417033.28
528118010,353638.88
528142010,312509.78
528142060,321491.94
528150090,376375.25
528164040,374224.9
528181030,192763.36
528218030,181769.19
528218060,168412.7
528218080,178080.28
528221100,172472.62
528228340,195685.08
528228550,171607.48
528228565,196986.4
528228575,280435.25
528228580,238153.6
528235130,203109.64
528250060,180591.3
528292080,250305.12
528294070,228646.6
528315070,260103.48
528348010,252078.08
528365090,316245.16
528366040,333577.4
528429120,368931.47
528456200,216761.62
528477010,413417.12
528480100,195127.33
528480150,196907.89
531375100,176599.44
531376050,181123.05
531450040,179774.55
531452080,177158.8
531479030,108739.1
532351090,138751.55
532376180,112610.55
532376250,136697.1
532378050,138882.48
532378070,131907.1
533110130,274831.25
533125120,387474.1
533128090,291584.6
533206040,163097.48
533223010,169380.11
533223080,162406.95
533250130,247471.33
533252020,168656.2
533253030,198535.94
533253050,173651.88
533253160,191544.9
534127270,168548.16
534128210,227446.1
534176250,136644.95
534201230,139248.8
534201250,170692.3
534201280,136394.2
534226060,150250.22
534275010,131381.81
534276230,168085.69
534427090,118279.91
534430110,142866.89
534475160,157150.84
534479300,125024.72
535125060,215999.14
535151130,143069.5
535303050,153282.94
535304020,144912.61
535325350,136957.94
535325450,143074.55
535354130,131991.53
535376100,109268.96
535379100,144445.69
535380010,171165.84
535381060,94918.73
535401140,143197.27
535402070,147970.88
535403040,105344.28
535403150,152015.83
535425050,146780.58
535450180,77216.63
535454030,81960.11
535477060,137049.14
535478010,129916.805
535478070,141931.2
535478090,119520.87
535478110,116490.78
902100110,174356.97
902103090,113487.82
902110120,123804.625
902134060,99032.07
902325100,189416.81
902329070,110912.47
902329090,147733.56
902400110,302800.97
903229040,129728.984
903232170,73914.59
903425190,191009.88
903425340,108095.57
903430090,130114.2
903451050,95348.05
903456060,83836.65
903458010,102919.56
904301410,105211.35
905103130,155402.64
905105010,131614.81
905107220,165567.83
905200340,194832.6
905201090,168694.66
905351150,210137.83
905403050,109275.836
905427010,207162.25
905427030,279126.75
905452140,145771.3
905452150,142166.52
905477010,99480.28
905480160,105586.68
906204180,218639.5
906380150,173600.55
906380170,203866.48
906382040,207042.77
906476140,147746.67
907130110,174602.73
907131070,201228.08
907180120,218675.38
907181090,204712.22
907192010,209185.47
907196020,219611.03
907200170,133752.89
907203010,126803.82
907203040,124798.97
907251100,242492.06
907254050,194300.25
907255050,270440.88
907270050,279021.1
907285010,224642.38
907290080,234575.64
907290160,140924.62
907405030,207106.16
907410040,197407.48
907412010,185597.31
908102330,114717.664
908127050,129816.36
908128100,190566.66
908130020,130728.64
908186060,131949.62
908188130,128158.54
908275220,121342.41
909101080,81066.44
909101190,118284.87
909101330,51990.684
909103020,90869.055
909250200,153092.72
909250210,120161.92
909276010,195789.06
909282110,178414.48
909425180,200233.39
910200020,96956.69
910203100,55253.098
910207110,90693.99
911175360,106599.88
911175440,77663.516
911225110,64989.535
911370430,309737.34
914476050,146858.0
914476500,194137.44
916225130,298243.25
916252170,122145.27
916326010,242243.58
916403130,231887.19
921205050,333398.38
923202025,199466.06
923225190,112640.305
923226150,142110.27
923226290,81683.72
923227100,134746.66
923228130,76012.81
923250060,157824.3
923251180,158989.05
923275080,144173.33
923276100,129949.64
923400125,121380.95
