PID,Sale_Price
526351010,150036.02
527182190,229641.12
527216070,401079.9
527258010,336277.06
527368020,208682.75
527402250,150995.75
527403020,136507.8
527425090,114225.86
527427230,207285.17
527451410,92224.73
527452190,140896.94
527453130,142973.06
527453150,119996.445
528120100,227534.39
528176070,326989.44
528228285,165603.69
528458070,202183.92
531367050,230860.25
531369060,187152.9
531451280,199714.47
531452020,129416.59
531477050,89423.734
533130020,226893.86
533130130,307090.22
533130160,256308.17
533208090,183145.56
533223020,167248.45
533238045,291961.9
533253060,157689.2
534129040,189467.94
534152070,204244.2
534176060,167015.27
534176230,152435.53
534401110,154706.16
534401140,175880.9
534431050,193824.05
534451150,85862.875
535154050,116473.56
535179020,182806.5
535304060,105407.39
535325400,98332.63
535350040,141814.98
535353190,119442.016
535377090,142969.94
535450210,138391.56
535457090,142709.61
902110090,137616.38
902207130,46838.418
903204040,136919.67
903225150,83245.88
903425110,149780.39
903430080,124085.36
904101110,173569.92
904352190,129805.71
905102060,123819.03
905104210,125046.54
905105200,126035.71
905106140,146301.64
905107110,175750.28
905107320,144353.7
905109170,242967.3
905201030,70747.75
905202090,137155.58
905426060,83894.16
905452110,121324.01
905453080,256224.11
906201030,162535.7
906201120,226039.67
906385020,187749.45
906477110,153755.55
907125090,150889.5
907185060,184329.92
907200280,155263.53
907252120,239562.73
907262050,219671.14
908102060,59599.176
908152080,126391.4
908226130,83296.48
909101070,64139.51
909250060,192758.77
909426080,178823.48
911202100,82400.73
914467040,258463.08
916125360,157041.17
916386020,190155.64
916386060,163830.5
916455170,222166.69
916475110,232833.84
921128020,378469.0
923201020,141881.95
923204150,140158.1
923225390,127059.73
923226250,92316.86
923226320,86231.49
923228270,80740.99
923228370,90994.8
923230190,127516.28
923276030,135083.77
924100050,148890.14
924152030,210344.34
527105130,261363.42
527107130,190873.67
527110020,167250.53
527132090,225524.4
527146010,260862.64
527163070,182803.02
527163130,184627.42
527301320,245959.84
527302175,181624.14
527326040,162515.4
527326150,212496.1
527352150,184063.61
527353020,187348.62
527359050,158221.86
527366030,228703.73
527375210,156011.77
527376100,148338.95
527378140,164764.66
527405160,105552.85
527405180,121955.43
527450280,96831.94
527451320,90665.89
527453060,144723.81
527455080,142964.89
527455240,113664.375
528102140,460684.6
528104070,502661.9
528106070,346441.2
528108020,348373.06
528108040,418374.53
528110010,462583.38
528118060,385927.03
528120160,283552.4
528142090,314875.84
528144020,225675.88
528166090,432436.4
528172060,252190.84
528176030,506490.8
528186010,301838.88
528186180,225443.33
528221060,172026.47
528240030,185761.47
528240060,189439.22
528240150,189567.89
528275160,263327.44
528290190,173018.42
528292070,224665.73
528294050,179887.58
528344040,324148.8
528435030,259362.86
528439060,238381.06
528441020,223702.36
528458040,248022.06
528458140,291593.78
528477050,338771.72
528480040,268196.84
528482130,231453.7
528488100,196564.55
528490040,247952.78
531363010,187114.72
531369010,218677.88
531369020,254214.62
531375040,179469.98
531382070,261326.03
531450120,198338.94
532354230,122178.24
532376070,131983.98
532378180,111200.766
533223030,183460.92
533253070,191654.36
533254110,185028.78
533352150,147897.23
534128020,204478.27
534151120,258947.64
534175080,212240.1
534200030,119061.71
534251030,164587.83
534252240,163037.61
534275060,123109.38
534277090,136561.58
534278070,164741.4
534402060,133157.5
534450150,80457.74
534475250,169055.25
534476320,128006.46
535125090,216689.7
535150070,127228.76
535175030,161899.4
535178040,118253.06
535301170,153378.42
535303150,132572.34
535325290,113688.66
535352090,116701.164
535353060,120602.086
535353240,176772.81
535354070,129988.44
535354100,145291.22
535376060,146259.1
535377150,105076.78
535378120,116562.57
535383070,122479.12
535402010,181963.95
535402270,127366.67
535403210,136382.36
535452100,116470.01
535452140,112756.055
902101010,107897.92
902102080,128118.336
902103100,130926.9
902105050,122266.945
902106010,144852.64
902109140,124890.29
902135020,78388.21
902205030,68207.3
902206260,92324.44
902325070,115965.266
902329080,116621.72
902331010,67585.42
902402150,80807.24
902405120,117764.85
902477120,65117.277
902477130,49363.83
903200080,198085.83
903201020,133833.78
903202170,137179.77
903226170,129244.664
903228120,121486.22
903231030,141643.73
903232060,103935.62
903427120,154003.55
903430070,69328.875
903481130,89398.92
904301060,152567.58
904301375,62791.52
905105190,133573.4
905107310,149051.11
905225090,163906.61
905229040,142132.36
905401100,197087.69
905402070,112524.77
905451340,85968.08
905452040,152452.97
905475160,129232.83
905478030,142758.48
905480030,117342.086
906201050,151141.11
906201130,292729.47
906223210,251127.4
906226090,135887.97
906226120,137941.84
906226140,119278.21
906340120,266636.34
906380210,197755.5
906380220,223796.23
906392130,166792.42
906475070,179321.12
907131090,211783.95
907131190,200410.69
907135040,155149.42
907175100,207717.38
907181100,203544.77
907192030,182100.75
907192090,205615.39
907227030,130911.914
907227290,138876.52
907290070,182540.66
907290210,141531.11
908151050,138288.92
908154040,329117.47
908201040,105761.13
908276150,81518.34
909101010,133791.55
909129090,105475.875
909175080,60824.9
909179020,217547.34
909253180,155723.23
909427200,155380.4
909451040,112550.96
909451180,130691.87
911370500,284481.2
912251110,54865.523
914465020,279064.22
914476430,154319.64
916386140,222644.34
916403250,237144.38
923201100,138151.31
923225490,112159.22
923227080,145229.84
923228150,99085.63
923228230,88357.125
923230200,131428.3
923252075,148144.84
924100040,217561.66
924100060,171370.67
526353050,214706.7
527107010,176614.25
527140090,214303.1
527145090,178258.19
527183060,203567.1
527325070,251270.66
527357110,139540.6
527380240,299249.53
527401130,132608.39
527403360,115304.695
527425035,114306.39
527450110,92890.555
527450250,93993.15
527451060,94121.87
527451290,89015.484
527451550,102345.99
528110080,359653.84
528114040,381772.2
528172080,267445.94
528178070,365169.2
528180110,325450.7
528180140,355223.8
528186080,279574.6
528188150,178898.38
528228445,183807.5
528228465,169867.19
528235120,185340.67
528235180,188131.22
528280130,197965.9
528290090,168697.39
528315060,246949.6
528346050,312446.03
528354100,254541.16
528390020,327986.97
528427070,216421.42
528429070,233781.7
528429080,273710.72
528431060,246528.62
528431080,215203.83
528431120,241865.92
528478030,250522.92
528480060,321515.84
528482020,249575.73
528490080,198677.05
531373060,187286.28
531375050,142962.7
531375120,166537.31
531384030,189110.88
531385060,188680.14
531450030,197219.88
531450170,173946.9
532351050,127529.42
532354150,132233.44
532376170,109772.19
533212050,155042.03
533212140,154151.81
533215030,256137.12
533217050,162618.34
533217060,167967.6
533236070,186726.64
533250050,228004.89
533250160,307626.62
533350120,273083.4
534126090,188697.06
534175140,147945.9
534225120,132170.4
534250010,137207.64
534250370,310152.06
534250410,174179.64
534252090,176475.02
534400060,164971.73
534401130,157668.6
534403050,154733.61
534403080,172494.83
534453140,83242.79
534479150,114388.51
535103050,219963.6
535105060,158914.31
535105090,155527.19
535151160,144182.12
535152200,130802.72
535178060,136425.67
535180120,136809.77
535305030,119258.875
535354200,133170.83
535380110,88660.75
535380140,135140.72
535402120,168823.89
535425060,175941.8
535426260,147520.42
535451010,121926.01
535453210,146776.38
535455090,125079.81
535476370,187171.3
902100020,115467.89
902100030,75381.72
902202090,151123.67
902205070,56534.234
902205140,109188.02
902207120,70968.19
902300215,148705.8
902300260,127385.016
902305080,137704.47
902402260,55138.184
902405070,217948.14
902406020,110501.98
903225140,122234.18
903226150,118080.08
903228060,126958.83
903231080,113643.02
903232030,91022.74
903232090,150368.48
903235010,132503.6
903400180,204944.48
903401030,149537.33
903455030,125282.41
903476110,106951.6
903481100,74241.48
905104080,109745.08
905200090,114715.37
905200160,106829.38
905201020,142393.8
905352030,209474.53
905425125,247109.08
905426030,188328.52
905476120,129266.97
905480240,96276.22
906204150,255449.2
906378190,177734.67
906412050,354633.5
906420130,232907.58
906424010,238332.86
906475100,199228.05
907196050,210655.11
907201060,143564.0
907202240,172407.83
907227300,120629.01
907253060,231043.73
907253110,225431.08
907255020,262163.75
907262030,212104.52
907262060,240895.64
907285080,215703.94
907295020,201419.88
907405020,222336.05
907405140,207461.39
907418040,188950.25
907420080,194069.86
907425010,145008.4
908102140,118568.234
908102260,144625.02
908103280,141815.53
908152270,154185.34
908154080,213493.86
908186040,140142.6
908201100,80739.836
908201120,106709.63
908204160,79926.83
908250040,108497.64
908275130,129021.63
909175100,156128.9
909177120,166724.03
909201110,118902.164
909250230,174923.4
909252110,172722.98
909252220,139056.89
909256060,109744.766
909276170,178317.7
910203090,114246.234
910206110,97379.25
910226040,148997.38
911370410,310027.84
914453045,298448.97
914465060,270208.88
914467050,206439.44
914475020,144367.47
914476010,168330.48
916226030,200354.31
916384100,270081.84
916386040,161217.94
916455120,238881.95
921201060,329916.94
923277080,122202.945
527105140,200343.61
527110080,177031.11
527110130,155167.47
527162090,174525.16
527165100,166024.95
527175130,149420.72
527182170,192653.83
527212060,344413.25
527216080,459896.22
527301080,191451.4
527302020,195452.14
527325090,203426.78
527328050,159786.45
527356050,157403.88
527358060,191275.84
527359080,199654.67
527402090,133541.56
527403310,149276.44
527404150,114269.23
527427160,167587.42
527427200,195585.27
527450150,107100.32
527455030,145403.5
528102090,337828.34
528102100,248353.67
528102120,282983.47
528102130,311835.2
528106040,403364.94
528106050,467706.88
528110070,299520.22
528110100,404333.94
528120150,297070.03
528144050,336636.78
528186050,296090.25
528186090,308477.12
528221040,196373.8
528221050,186431.44
528222040,195899.06
528222080,180875.69
528222090,186328.53
528228270,195979.05
528231030,187144.88
528235170,212616.7
528294010,185649.89
528320050,492504.88
528327060,444678.8
528376010,323829.62
528431030,214092.48
528431050,261964.81
528435010,217764.89
528435040,309636.94
528439080,221378.22
528445070,227438.5
528458080,239097.8
528458150,297545.22
528482090,284987.06
531380110,200689.16
532353120,116803.93
532354010,142631.64
532354060,125255.29
532376090,136076.66
532377050,137864.9
532477040,255530.58
533130170,317597.97
533208010,191868.7
533208070,164690.98
533236040,171501.95
533242080,188615.02
533251130,206981.36
534127260,167679.83
534128090,210221.61
534151090,206917.03
534151180,255665.62
534252040,143473.25
534252060,134662.0
534252110,132203.3
534276290,106376.664
534401120,167512.64
534425080,178888.47
534431020,136188.7
534450110,56249.574
534475170,167021.16
534479120,122894.83
535105110,172392.7
535106140,121188.016
535126180,156491.89
535151110,142539.72
535181140,151339.14
535302070,127215.414
535325320,132501.95
535355020,205104.22
535402140,182511.23
535402180,105708.086
535403030,128100.25
535450190,113117.41
535450220,127440.55
535451100,103214.94
535453080,143229.5
535453150,136795.94
535457020,149986.08
535476360,199247.42
535477130,154054.23
902106070,116864.766
902201090,136298.75
902201130,119305.06
902205130,90457.4
902408080,194367.14
902427140,97553.164
903204030,129672.95
903206170,179139.95
903225040,124313.61
903227140,124738.41
903228080,137833.36
903425270,113024.45
903426010,133597.1
903430040,81158.57
903451110,118925.53
903454010,126681.016
903456110,224095.25
903458020,93831.13
903475040,135344.89
904101070,205106.97
904302010,120344.5
905100080,167407.55
905101200,108573.62
905102010,154945.66
905104240,133447.86
905200010,129951.25
905201080,151238.3
905228020,102077.93
905352010,192925.39
905376090,160037.33
905426010,216316.6
905476170,87812.11
906201022,205121.25
906201023,246396.28
906203140,276462.94
906340080,341206.4
906340090,384031.1
906378120,256109.53
906380010,191015.34
906380120,205399.4
906380200,195533.61
906382060,207998.27
906392080,174498.2
906403060,229513.48
906426060,271927.44
907130060,176282.42
907131060,166921.31
907135080,154417.11
907180040,199032.83
907192020,187712.58
907192040,215465.05
907192150,184527.97
907200130,117146.86
907200190,141144.67
907202100,115013.55
907202220,125813.06
907203060,118115.1
907203110,132258.4
907227060,120509.305
907227100,111545.01
907250050,304999.88
907252020,234599.58
907270040,284015.47
907275080,234831.7
907280100,293387.1
907285040,252118.7
907290140,139265.66
907410050,199295.31
908102160,123632.6
908127040,107613.164
908152060,127696.39
908152180,147901.33
908152280,154085.67
908152290,157715.22
908204090,127353.67
908225240,109008.44
908250100,90512.02
908276230,114938.0
909250150,168700.92
909251030,130606.64
909251040,152853.9
909254090,176170.48
909254140,90724.1
909256120,117780.234
909275020,150653.98
909281130,252734.73
909282020,233962.58
909428120,208734.3
909428180,166221.88
909451130,120256.04
909475050,217337.28
909475230,282656.84
910200040,123551.51
910200110,143215.16
910201180,167240.0
910204090,61753.78
914452090,192113.86
914452120,167662.72
914452190,148111.92
914460020,189644.38
921126010,323100.7
921128030,342771.6
923202220,146019.38
923226300,81683.17
923229010,157884.81
923229040,157305.58
923229140,183224.7
923230010,169468.33
923251160,93303.85
923252080,127577.34
923275200,136664.64
526303060,194969.03
526354020,188898.0
527108040,241523.4
527146135,296396.5
527166030,183561.38
527210030,465716.88
527216010,466355.56
527252090,363238.72
527254070,320450.25
527355060,192726.23
527358090,189611.47
527402210,130094.72
527427210,208215.78
527450460,109309.195
527451200,92223.586
527451380,117039.32
527451520,97631.16
528102080,415496.97
528106120,250419.97
528118010,339183.56
528138030,379066.47
528142070,352463.8
528142110,375771.28
528164040,372792.25
528170040,488021.53
528172150,262606.66
528181040,194547.78
528186110,298040.25
528218030,179763.75
528218080,177781.97
528221010,181138.77
528221100,175820.53
528222020,176578.22
528228360,211158.55
528228575,280183.7
528235190,185189.78
528250060,182620.58
528275080,198855.42
528280100,200101.11
528292080,239308.12
528315030,303262.78
528315070,255250.25
528327010,396992.44
528344060,279629.53
528360050,515888.75
528429060,253795.06
528439030,219782.0
528477030,226257.72
528480070,263543.5
528480100,193645.02
528488110,190789.6
528488130,209941.72
531450040,172304.61
531452210,156547.72
531479030,108365.27
532351150,121307.81
532353180,159302.0
532376080,122626.96
532376250,136861.97
532378070,129375.625
532378220,125138.28
533125120,383696.88
533128090,295523.78
533212120,144557.31
533223080,159546.62
533250130,263915.72
533253030,195210.89
534127270,165684.4
534129230,160034.12
534175100,180962.81
534176250,143299.86
534201130,137303.98
534201250,175878.39
534202180,147316.7
534250300,185197.2
534400120,173109.86
534403280,143448.62
534403400,172995.66
534403440,149623.48
534428060,128434.32
534430110,143172.55
534431030,137862.16
534451050,105405.08
534455080,155935.75
535150240,118139.21
535152070,143930.17
535179050,146326.61
535180070,137058.81
535325340,136541.27
535325350,130880.08
535355100,113015.94
535377070,55751.023
535379100,143511.3
535380010,155656.12
535382020,110855.05
535382130,165522.36
535402070,143405.55
535402230,145545.42
535403040,105385.08
535403200,119644.72
535425050,152788.75
535425080,302140.4
535426195,205388.05
535453160,120685.85
535454030,79724.25
535454060,88347.1
535456010,132878.8
902101050,141175.9
902108060,108792.21
902329090,144808.72
902400090,109770.414
903200050,89426.63
903234030,124872.55
903400030,95546.21
903425340,114878.6
903430090,134432.7
903458010,93708.08
904100170,138165.8
904101040,120075.32
904301410,111200.66
905100030,139706.23
905103180,148554.14
905106210,142441.75
905107220,158648.25
905107240,186550.78
905108120,147094.19
905200280,180171.72
905202190,259651.67
905225080,225253.78
905300010,139651.36
905402110,137569.4
905403050,108895.39
905427140,191163.69
905451050,144969.42
905452140,143450.4
906202040,172292.45
906382030,228146.48
906392120,280425.62
906426090,169794.45
907125020,140497.75
907175030,239038.75
907175060,211326.77
907192010,225692.02
907196020,226792.61
907203040,123426.91
907255050,264960.78
907270050,282170.16
907405030,200140.42
907410040,198271.05
907410110,215984.31
907412010,195538.27
907414040,191190.12
908103310,134846.03
908130020,128656.7
908178050,257856.94
908186070,147920.66
908188120,133149.38
908188140,132907.31
908225180,95058.14
908275220,113240.02
908275290,112317.74
909101050,126208.31
909101080,88687.05
909101190,114288.3
909103020,93135.914
909175030,168376.25
909250210,128317.65
909254070,186724.67
909256020,105994.68
909282110,189020.53
909425120,212573.72
909475020,203681.28
910203230,77130.445
911175360,109664.0
911175430,58605.42
911175440,94809.98
913350030,222022.66
916325040,207876.7
916403020,199989.11
916403130,243319.3
921205030,359497.12
921205050,324649.38
923205120,136886.25
923225240,133847.06
923226180,83442.37
923226290,80557.555
923228130,88219.04
923228180,79073.734
923228310,81942.29
