PID,Sale_Price
526351010,153891.67
527180040,194888.34
527276150,109466.195
527302110,222671.95
527358140,203928.12
527358200,187722.42
527402250,155314.03
527404120,120122.96
528120120,291397.22
528218150,175705.05
528228440,186791.64
528240130,194995.44
528250100,179344.73
528363130,350685.1
531380080,253949.3
531451110,130505.79
531477050,91949.49
532377100,128128.11
532479070,178891.2
533130020,225684.48
533212010,155433.9
533212020,162737.66
533221110,177466.22
533223100,149609.08
533238045,301242.44
533253060,157196.86
534152100,192345.95
534202160,147070.06
534251320,155068.2
534403360,142899.86
534431050,194804.36
534431070,154140.8
534475100,125026.74
535106190,150595.23
535126040,206355.78
535152050,222399.67
535152150,163837.53
535175070,143999.78
535179020,185837.31
535302080,130102.91
535350040,137273.86
535401080,165880.77
535425010,234357.62
535450210,133191.92
535453070,157800.22
535454070,114145.49
535456110,129874.06
902125080,97913.69
902125160,76227.62
902128170,108066.4
902206040,125572.0
902206240,111196.414
903206120,203677.97
903227020,134909.58
903227150,134388.48
903232190,114278.05
903454060,67116.28
903476030,143870.06
904100140,245858.53
904300150,84215.445
904302260,100463.82
905104210,117600.31
905105200,127439.33
905106140,144399.4
905107320,139528.48
905109130,290764.6
905378040,129959.06
905452110,125043.44
905475510,108597.64
906223090,239572.78
906380190,191102.98
906385020,184769.03
906402200,346829.62
906425045,151896.98
907180050,206699.88
907252120,251241.19
907290170,145875.73
907290240,145576.23
908102130,106838.65
908102300,84014.58
909100110,124437.914
909101070,60618.74
909176150,123531.59
909177100,120451.4
909250030,99932.234
909426080,179659.89
909475140,271122.88
911204090,96630.09
911370510,270115.84
916125360,165064.75
923201020,135804.28
923225390,129544.28
923226320,84464.95
923228270,76574.23
923230190,129606.44
923276030,135049.38
526302110,115196.76
527108070,351806.94
527110020,173199.86
527127100,346192.8
527131030,255487.22
527132090,224060.84
527146010,241892.69
527161040,171229.36
527162110,197857.19
527162120,188673.67
527163040,183181.72
527163070,181545.0
527164020,150447.38
527164090,162014.78
527214050,449970.78
527254020,345872.38
527258020,268123.2
527301320,251484.98
527326150,214782.06
527353020,173220.67
527353060,243207.47
527355150,297957.53
527356040,152470.86
527366030,229032.22
527375180,150006.39
527401160,125915.086
527403040,149088.06
527404020,127343.23
527404030,147428.02
527405160,103314.305
527405180,120174.414
527425110,120424.75
527451110,120754.01
527451320,91730.97
527454130,136480.08
527455240,113255.36
527455280,157235.98
528102040,343413.22
528106020,491054.25
528108130,383974.7
528138010,335940.84
528142040,329584.22
528166090,426261.84
528168030,311256.7
528174070,184441.75
528175060,193797.06
528180120,336642.56
528186180,214506.12
528221060,169871.72
528228455,167661.75
528228460,160286.9
528275160,267232.03
528280230,208564.77
528290120,182085.47
528290180,186146.66
528290190,172569.38
528292070,218469.84
528294050,178959.28
528344040,336103.3
528385050,235535.3
528456240,187464.8
528458040,244641.38
528458180,220902.02
528482040,255049.02
528490040,233554.4
528490070,205518.55
531363010,183359.12
531375040,168486.92
531382070,268833.47
531477020,75439.18
531479020,73189.78
532353130,123285.5
532354230,116985.98
532376110,132013.06
532378180,109747.8
532478020,313759.25
533135020,212734.14
533206020,249680.48
533252040,292034.88
533253070,197520.28
533254050,207908.03
534125080,153416.75
534127130,155487.44
534127170,166172.27
534129370,147143.58
534175080,225028.12
534177230,220582.88
534251030,165938.67
534275100,121377.24
534276040,119829.48
534278070,159032.11
534400050,160971.36
534402060,136824.25
534426110,142728.12
534429150,164421.69
534431130,119074.086
534475185,151108.97
534475250,167631.86
534477110,156478.31
534478230,154980.69
535101120,133755.44
535151040,143776.78
535152230,158486.14
535175050,137544.61
535300120,160951.1
535325290,104083.71
535351050,164588.61
535352090,110946.64
535353060,118814.09
535354100,142216.42
535375050,121935.89
535381040,133072.44
535382100,154160.78
535383110,90705.16
535383120,73359.31
535402270,126127.09
535402330,172031.72
535450160,83665.33
535451170,91379.875
535451250,137690.16
535452090,121912.984
535452140,116230.44
535477150,99645.78
902106010,146544.61
902109130,83900.32
902207170,90295.19
902300090,93779.69
902301080,113504.164
902326030,216807.31
902330040,186320.53
902405100,140845.22
902406070,161978.95
902477120,71073.164
902477130,47742.613
903227070,129569.734
903231130,106093.89
903232060,102991.83
903234220,133947.94
903427120,142839.92
903451090,140791.1
903481130,90866.11
903484110,120510.23
904301060,144759.83
904301100,139637.77
904351240,88007.37
905101260,158532.25
905103040,166452.38
905103070,122369.25
905105190,133188.61
905200260,140115.73
905225090,160374.22
905228050,48525.508
905377130,105041.016
905401100,200874.31
905402070,114938.875
905450020,146995.88
905451300,118057.22
905452050,90304.58
905475160,129278.69
905478030,134351.45
906201021,175268.56
906203120,274194.56
906223210,253394.1
906226070,116318.16
906226080,147300.55
906230030,276091.2
906340100,340515.0
906340120,266156.7
906378110,235539.34
906380050,215408.12
906380130,227848.38
906380210,199698.66
907135040,151298.16
907192030,185118.62
907201280,136026.06
907202080,136775.72
907227080,119869.83
907227290,135655.28
907252060,240260.11
907260030,193107.44
907285050,198878.56
907290070,174267.7
907290090,205034.02
908102270,174074.03
908154040,328690.25
908186080,134502.6
908203090,101127.38
908225290,131201.5
908229020,93023.0
909101100,140565.17
909101140,140739.55
909179020,217065.1
909250220,131104.58
909252020,151779.12
909253010,153971.83
909254010,151907.72
909277090,138423.25
909282130,136882.47
909425130,189028.28
909426090,151773.33
909451040,111087.24
909451140,120719.12
909475040,298498.78
909475300,204628.28
910204050,149719.84
910205020,90905.02
912251110,55796.234
914465040,273014.12
914475010,139921.7
916380070,338231.94
916382010,225704.06
916386140,225166.58
916403010,176286.78
916403250,246547.67
923201100,136296.03
923203110,172705.03
923203190,178035.97
923225360,96040.086
923226270,96198.3
923228110,83041.7
923228230,89085.63
923275040,173575.05
923275140,118641.76
923276260,148417.48
924100040,228394.66
526353050,218315.72
526354070,190797.78
527106050,161844.3
527106150,199795.62
527131110,254366.2
527161010,181107.67
527163100,186571.23
527164120,194692.55
527212050,305579.8
527252080,301557.2
527325070,253141.2
527354160,190235.27
527378020,158306.69
527401130,137029.8
527403360,118924.28
527425035,115690.55
527451400,91457.73
527455270,115501.7
528181010,199350.64
528186170,198066.38
528228345,231288.0
528240040,159616.94
528250030,204139.83
528253020,226059.3
528292060,234055.2
528294060,192742.4
528363020,316876.4
528387050,259726.22
528429050,231191.62
528429070,245271.19
528429080,276761.3
528435020,279806.66
528458030,227604.7
528480060,310643.44
528480160,201849.66
528490080,196091.6
531363060,157092.25
531375120,168562.3
531382110,182268.25
531450030,199943.16
532376170,106803.09
532377020,102344.14
532477030,188511.8
533213070,174976.3
533215040,262427.4
533215070,266338.22
533217050,159731.3
533217060,166529.38
533236060,202231.17
533250110,226722.77
533350090,269401.44
534127210,182734.88
534177180,261259.5
534225120,137179.38
534250010,143509.66
534277060,114323.4
534400060,160507.03
534403050,156032.14
534403260,118533.414
534426040,154065.98
534427040,142468.1
534477080,117177.92
534477090,151311.72
534479150,116669.89
535105090,157722.14
535153150,163922.86
535180120,133285.31
535305160,104065.65
535327230,111177.86
535352080,114736.266
535354200,143785.84
535380050,142460.62
535380110,87448.16
535383100,94529.65
535451050,112311.42
535453210,148007.58
535455060,122756.14
535455080,112897.336
535456070,152164.5
535456100,116164.28
535476370,180546.0
902100020,115699.15
902105010,97384.17
902128075,110164.63
902128150,147590.08
902201120,102978.67
902207120,65764.47
902300215,145601.5
902300260,128730.71
902305080,129228.39
902401120,302775.0
902402260,45192.348
902405070,216516.19
902406090,129943.445
902427150,112379.35
903225050,107471.52
903225160,116180.46
903228060,123782.43
903231080,114229.34
903232090,152189.45
903427090,166448.4
903454100,144302.62
903455140,127589.27
903475020,121670.0
903481010,89732.05
905102170,124197.24
905103030,149233.73
905107380,130157.266
905200090,116414.04
905200510,142089.53
905201020,141703.72
905226030,102418.445
905226110,131358.88
905352030,202068.27
905401060,216789.53
905451330,163913.17
905479110,117660.336
906204280,256043.6
906420130,241118.58
906424010,244259.52
906476030,196396.1
907187030,196934.75
907202190,133029.17
907227300,119764.13
907254020,265131.4
907255030,282032.97
907260010,256457.33
907262070,188046.38
907285080,221444.73
907290250,143469.02
907412070,203674.48
907412090,194721.33
907425030,148239.11
908102040,156581.02
908103260,125097.47
908152270,152250.72
908225170,94765.14
908226120,109831.04
908275280,148370.92
908276140,107297.42
909100170,91473.78
909201110,122588.61
909250040,179778.33
909250230,186607.36
909252220,136663.84
909275040,127994.62
909275050,157578.1
909277070,111717.79
909425010,237548.86
909451150,150476.94
910205010,134574.19
910251050,51824.992
911370490,295431.38
911370520,270430.8
914476010,170647.05
916125425,219132.78
916380060,283534.0
916382120,310110.06
916402015,182895.27
916403230,181847.03
916455120,246904.14
916460060,226151.8
921126030,276076.44
923203140,167125.2
923204040,160305.56
923225080,133722.66
923225150,118704.34
923225310,106071.44
923228420,88364.88
923426010,128925.94
526352080,167713.1
526355190,309306.97
527110080,178794.67
527162080,181257.83
527165100,170689.53
527216080,458265.34
527252050,303551.28
527256040,422400.06
527301280,144409.6
527302020,197090.52
527302060,196120.02
527325090,203206.12
527358060,188457.52
527404100,119091.914
527425025,127077.54
527427090,146274.44
527427160,166411.73
527427200,190332.34
527450150,106895.32
528102130,305980.8
528172070,234590.19
528172075,242203.39
528174010,185760.58
528174020,187149.69
528174030,182450.67
528174040,196991.86
528186190,212751.8
528218020,169713.52
528218050,172281.44
528221030,168477.12
528222090,182254.69
528228375,249299.8
528228555,171997.44
528231010,253364.12
528231030,187697.72
528235000,178206.0
528235160,212601.9
528250010,172590.6
528280110,174732.0
528280150,176596.23
528326060,264676.94
528340030,409340.12
528351010,527667.6
528358040,266678.03
528366050,336649.62
528429090,316820.22
528431040,409622.88
528431050,259973.05
528439040,228578.36
528445020,231267.27
528456190,217039.22
528458080,244127.94
528458130,310323.66
528477020,251409.44
528482010,252475.05
531376060,187726.0
531384070,193811.84
531477040,128660.266
532353120,111150.51
532354060,123142.49
532354070,138673.9
532376090,134186.64
532377140,128003.164
532479050,140849.38
532479140,157071.72
533208070,161641.92
533236040,177789.44
533241030,233487.36
533242090,290756.28
533250190,267311.28
533251110,277310.6
533251130,209611.23
533254100,171032.2
534127140,150180.17
534151180,249188.08
534175010,137575.56
534176140,168282.97
534201040,134935.7
534202030,141106.05
534204120,152043.52
534252110,128453.31
534276070,143101.98
534276160,131231.8
534278170,143785.97
534425015,222915.66
534453080,113155.82
534475170,167235.22
534479120,119939.125
535102010,152616.48
535151100,129078.0
535151110,145151.75
535152060,131247.06
535177020,119242.27
535180030,131128.95
535301160,132954.34
535325090,126439.86
535353050,141821.08
535354050,135742.9
535355020,203184.22
535378080,124376.58
535379110,138701.14
535426130,190343.78
535450220,118001.27
535451040,128498.52
535451100,111593.1
535453150,136285.11
535477180,110367.06
902100010,96150.79
902110010,96143.64
902125120,83210.25
902201130,115213.35
902206270,135648.69
902300040,122032.445
902301030,123456.69
902330090,217967.88
902427040,110332.55
903206170,175624.97
903231050,112518.445
903233140,137097.5
903456110,214039.81
903457130,100531.67
904101070,199550.73
905101070,96207.016
905104030,119000.98
905104090,113386.67
905201080,149358.31
905225020,176034.45
905226170,144020.66
905376090,156775.56
905476160,116987.32
905476225,128873.695
905480180,119862.055
906200230,178538.56
906201022,199756.0
906203140,270159.12
906204140,219065.28
906223040,239939.08
906340080,326433.6
906340090,392764.53
906378170,227284.12
906380010,189132.33
906380070,334415.78
906382020,203972.66
906382060,213277.12
906394020,204711.05
906426060,264301.6
906426195,266812.1
906475110,207909.4
907135080,164048.75
907200270,135755.2
907202100,115474.38
907227060,121719.44
907227100,111471.52
907260050,229818.14
907275150,304320.56
907285040,257874.64
907290140,143583.03
907295040,246863.64
907420050,170818.5
908102100,136994.0
908102160,128617.81
908103090,116995.35
908225310,96654.42
908226180,75644.07
908275090,110267.22
908276230,115660.32
909252010,168213.34
909254090,173052.9
909254100,147541.23
909254130,177094.44
909254150,134115.52
909275160,136164.03
909428340,212481.5
910204090,62324.02
914452190,143985.36
914460020,188166.75
916384050,218612.4
916386170,265220.44
916403040,179693.98
916475020,283955.34
916477060,278788.38
921126010,324290.4
923203010,157097.8
923204050,144261.48
923204140,139346.97
923225040,142489.3
923225050,144854.7
923228290,86311.55
923229040,156848.1
923229100,203621.27
923230010,172118.36
923400150,113994.71
527105060,187158.44
527106010,220086.12
527107020,177179.58
527107120,186162.28
527108020,234934.3
527108060,293213.1
527108090,250354.3
527182020,160947.72
527190050,213824.16
527212030,454785.4
527214060,453275.53
527216050,426411.88
527301010,210085.12
527327080,192222.17
527354040,237048.95
527355060,189895.58
527355280,209465.75
527356060,175085.14
527358090,194351.58
527375160,184487.84
527402210,130933.516
527404180,100801.35
527427210,206685.69
527450010,105370.805
527450080,125165.13
527452310,129843.73
527453070,140402.92
528106010,395148.75
528112010,245148.4
528116030,375604.3
528118010,346862.7
528118020,331262.53
528118110,315774.7
528120140,366581.3
528142070,346820.7
528144030,270608.56
528170040,472214.75
528172020,247157.39
528172150,264327.3
528174080,211516.1
528181040,193167.11
528186100,341821.0
528188040,182252.25
528218060,161401.31
528218080,178205.67
528218140,223795.81
528221010,175955.73
528222020,181869.75
528228280,193789.86
528228340,198279.17
528228415,177687.89
528228550,170237.75
528228575,283575.94
528250060,187399.9
528275060,173890.52
528315030,317070.2
528315080,276265.8
528344060,271573.94
528348010,246271.31
528429130,295725.94
528439030,213854.34
528480110,179833.03
528488120,182967.67
531367010,192239.22
531375060,137116.86
531375070,135531.4
531379030,196338.4
531452080,177153.89
531479030,110909.086
533110130,277355.0
533127080,332992.25
533212100,152960.64
533212120,149505.81
533212130,146831.53
533223080,162992.22
533223110,142605.27
533242030,237998.08
534125210,152424.62
534126060,200457.33
534128210,227078.52
534129230,160996.38
534201130,134455.78
534201250,167661.9
534226060,155366.48
534403400,174729.0
534430050,135359.73
534431030,136013.47
534451130,87654.305
534455080,158887.03
534476100,140104.78
534477030,137351.27
534479130,160651.75
535105160,102171.14
535150240,121290.11
535178100,153227.11
535301010,151259.06
535305120,158465.89
535325460,192536.64
535327210,146527.28
535377070,61033.152
535380010,164935.08
535382130,159059.4
535401140,143467.92
535402070,147105.97
535404080,128311.9
535450180,82647.85
535451190,116333.8
535451210,105568.76
535478070,140293.84
535478110,115710.3
902106090,149591.1
902128020,92731.766
902204120,145719.86
902207110,70458.484
902305090,78363.47
902400090,104262.34
902406030,114289.27
903229040,131183.23
903231240,105445.3
903233100,134864.94
903233220,121109.45
903430090,126210.84
903430130,59525.953
903454020,69229.7
903454080,131878.8
904100030,129107.42
904302030,168183.34
905101330,110651.83
905200380,94981.57
905225080,204346.1
905300080,138065.95
905351150,229836.78
905403050,117676.16
905426100,192920.61
905426150,200094.23
905427010,217033.42
905451410,136995.56
905475150,140899.5
905480160,104276.664
906204180,216968.03
906380170,201324.44
906380180,188242.31
906382030,223783.66
906382040,209690.8
906392120,291122.53
906475050,184455.3
906476140,143097.89
907130110,172463.25
907131070,207711.03
907175060,209954.94
907181090,209315.58
907192010,213432.78
907196020,220634.2
907201160,143570.44
907203010,125815.94
907203040,126634.03
907254050,196104.12
907270050,287082.3
907275030,215899.05
907290020,246166.34
907290080,236073.67
907290160,145512.25
907410040,204092.72
907420070,169425.5
907420090,194348.8
908102020,124413.0
908130020,134181.9
908178050,257527.38
908186060,133987.8
908188110,141820.12
908188120,141820.12
908275220,120884.664
909101050,127069.305
909175030,171108.06
909201180,109508.695
909276070,174438.47
909279040,106886.75
909425180,190734.83
911175360,116382.734
911370430,320309.1
914452060,151145.44
914474020,226422.2
914476050,151869.61
914476500,200167.14
916325040,216544.67
916403130,235888.67
916475100,337933.72
923203090,161053.2
923225190,117933.88
923225240,131914.02
923225510,135705.5
923226180,85299.875
923228310,80111.125
923250060,152589.55
923400125,127768.875
924151050,230802.14
