PID,Sale_Price
526353030,238683.16
527163010,175029.7
527180040,189069.58
527302110,223199.86
527358200,181644.23
527368020,204071.31
527402200,152656.95
527402250,157819.64
527404120,121111.65
527427230,206015.8
527451180,101648.84
527454200,140072.05
528176070,328290.53
528188120,163332.22
528228285,161403.31
528231020,178020.0
528328100,339838.56
528477080,230330.05
531451110,133805.58
531452020,128540.56
531453010,150094.83
532376160,135649.98
532377100,130036.42
533130130,319922.0
533130160,259698.97
533210060,172452.56
533212010,154448.33
533212020,156663.31
533212060,155643.22
533221110,174677.69
534102025,235346.92
534129040,187607.16
534151175,258868.62
534152050,209640.02
534152100,193866.75
534403410,162159.17
534427010,154259.47
534430080,138114.03
534475100,128336.984
534476260,161950.53
535152050,225302.55
535152130,134270.75
535175070,135361.55
535304060,108784.74
535350030,149926.45
535457010,138815.08
535476350,165819.88
535477020,153321.97
902104060,93430.11
903227150,133123.86
903426200,155849.97
903450110,102227.86
903476030,147653.0
904100140,247771.23
904101110,171390.61
904300150,83743.0
904352190,132066.95
905101310,125601.46
905105200,127838.59
905107250,146609.47
905201030,69971.87
905426060,83520.16
905426200,141379.48
905453040,170802.38
905478190,90847.734
906380190,191201.98
906385020,187937.9
906425045,145694.02
907180050,202228.47
907200340,127352.336
907252120,243047.48
907280040,227871.2
907410080,213544.36
907414030,187424.05
908102060,65496.074
908203100,97990.75
909176140,134235.67
909250030,109948.2
909427230,251304.2
909428280,286311.0
909452114,216986.45
909455030,178219.77
910205120,112925.12
911202100,82007.805
911204090,85948.734
914467040,254402.6
914478110,179464.67
916386020,184961.03
916455170,217921.11
923201020,144006.23
923426070,141419.12
924151040,277076.9
527110020,175485.5
527131030,269697.06
527162110,205210.27
527276160,194278.94
527301320,246581.05
527302175,174244.44
527352150,182325.44
527353020,181111.64
527353060,260729.83
527364030,227513.12
527368010,230666.16
527375180,154744.97
527378140,176182.92
527405160,103961.09
527451540,106720.32
527451650,117867.66
527453140,146035.39
527454130,137334.62
527455060,143113.44
528102140,477513.25
528106020,507351.34
528108010,261546.19
528108020,355607.16
528108130,383953.1
528108140,386766.0
528112040,318860.47
528120170,310863.03
528142090,309862.3
528144020,220200.34
528166060,420132.6
528168030,305472.3
528174060,198247.22
528175050,217714.84
528180120,357187.62
528180130,243297.02
528218090,168306.4
528220040,166287.36
528228435,190736.66
528240150,193196.78
528250020,193414.5
528275070,229311.1
528280230,206892.36
528290120,181752.19
528294050,175439.14
528354050,265261.4
528390210,236366.53
528435030,257896.53
528439060,240661.42
528458040,243803.6
528458140,288298.03
528480130,216624.83
528490070,209613.83
531363030,171174.17
531382070,266769.88
531452010,133207.03
532354160,124070.805
532376110,126961.62
533206020,260444.03
533210010,158671.86
534128010,217313.03
534128190,238303.78
534129080,202204.56
534129370,148025.22
534129380,131815.8
534151120,245022.66
534175080,215739.53
534177230,222498.53
534200030,115925.68
534202170,143441.11
534250400,190884.4
534252240,157229.39
534276040,122355.71
534278070,165250.61
534400050,161629.44
534426110,141619.42
534431130,116284.1
534451110,119481.2
535126100,124060.516
535150070,130341.234
535151040,144924.08
535154130,144171.4
535178040,117014.66
535178120,136989.3
535179160,133432.84
535300120,162897.58
535302120,129048.7
535303150,129803.234
535352090,122314.53
535353040,146776.94
535353240,175260.22
535354070,123969.914
535354100,143348.39
535376060,149316.16
535378120,117164.625
535383060,47471.47
535383110,91456.86
535402270,127843.95
535402330,184228.34
535426150,135460.6
535450070,132637.36
535451250,141844.2
535452090,123941.9
535454100,132258.4
535476110,146267.6
902102080,125632.13
902105050,123110.79
902201110,121170.57
902206260,94740.92
902301080,113919.07
902325070,119856.8
902327070,142454.52
902331010,71836.87
902405120,117316.58
902477120,63685.418
902477130,48200.11
903200080,211217.97
903205040,110298.14
903227070,134509.39
903228070,107191.67
903230100,111947.945
903234220,136939.0
903400220,166456.81
903429080,156651.2
903451090,151510.56
903458170,109079.26
903475100,117646.305
903476090,131425.05
903481130,82103.98
903484110,116189.44
904301375,47281.43
904351200,119314.96
904351240,95270.055
905105190,136175.06
905200260,148438.14
905325020,240020.55
905377010,139199.8
905377130,106123.04
905402070,119050.47
906223080,224933.92
906230010,287635.62
906340100,342336.12
906340110,294003.84
906340120,263397.5
906380100,277375.66
906392130,168516.17
907131190,198912.52
907135040,153669.2
907202080,138253.06
907227290,137762.78
907250070,239570.95
907252220,235631.02
907253130,327158.8
907275090,207813.67
907275140,285046.6
907280170,210656.92
907290180,141737.52
907412020,196684.94
907414020,197178.5
908151050,142981.94
908152100,136571.47
908250030,66514.12
909101100,133475.1
909129090,110060.77
909129100,118483.34
909175080,51883.543
909250220,136388.73
909275080,166827.27
909276200,146099.75
909279010,224734.52
909282130,135951.48
909425130,191607.58
909451140,119842.97
911370500,300202.25
914465020,276329.3
914475010,142525.17
914476430,154568.56
916176030,152855.22
916380070,336910.4
916382100,411220.22
916382110,317943.75
916455070,216091.44
923201100,132538.97
923202060,129049.57
923228110,81416.02
923400025,166069.77
924100060,171847.08
526354070,178462.31
527106140,190126.62
527107010,184141.22
527107210,203804.08
527140090,209376.28
527161010,181671.95
527163100,182972.03
527226020,143071.81
527252080,294243.1
527301170,234693.34
527302050,173403.64
527302210,195465.56
527325240,166915.11
527354160,198261.97
527378020,164576.05
527401130,140278.86
527427110,167076.92
527450110,98559.27
527450250,102182.734
527451290,96253.73
527451550,110043.664
527452150,132744.28
528102030,364534.88
528110110,452355.72
528118030,431307.5
528120130,375410.22
528142140,328224.78
528172080,275423.47
528178090,383914.66
528186030,285861.12
528186080,282608.06
528186130,345360.2
528186170,204678.06
528190010,210839.2
528228345,236634.92
528228405,218381.31
528228465,169179.27
528235020,183562.61
528235180,193192.36
528250030,205987.7
528290090,166375.72
528294060,199342.45
528326030,292743.97
528326110,301502.84
528354100,245673.84
528363110,371772.56
528365080,267463.53
528427010,240524.67
528431080,212940.77
528431120,238703.19
528458030,234181.8
528458050,218806.38
528462040,209126.42
528477040,214942.31
531376070,176408.38
531382090,182728.94
531382110,181113.2
531384030,195828.28
531450030,194914.19
531450170,180422.08
531451020,201196.8
532376170,105913.54
532377020,102236.34
532479020,141986.45
533206050,191139.62
533208140,173481.22
533212140,152435.81
533212150,152427.39
533213070,174238.62
533213120,170528.61
533217060,170569.11
533236060,197129.98
533250160,309739.12
533350090,292397.16
534201240,140917.9
534202130,147877.77
534250410,183992.88
534276190,110285.625
534277060,119705.09
534401190,143201.64
534403100,159986.05
534428020,132361.75
534451080,70452.51
534452060,123349.945
535103050,231074.58
535105090,158285.84
535126140,228877.2
535180120,136641.44
535302130,146407.44
535302140,112494.195
535352080,115104.08
535380140,129575.664
535383100,98052.266
535403010,136956.38
535426260,149840.69
535426350,153989.6
535427070,231407.14
535453020,147431.67
535453210,146127.06
535454150,133371.02
902100020,114233.81
902105020,230716.75
902105130,76301.664
902109110,203389.53
902109120,131703.72
902128150,140354.19
902201120,105937.586
902201140,153135.22
902205090,105605.01
902207220,313143.16
902300215,146532.73
902401010,115096.28
902406090,134947.16
902427045,95328.95
903206070,137941.33
903226150,113834.91
903227080,116206.5
903228040,159675.1
903228090,107741.625
903231080,115003.35
903232030,90261.09
903232090,143051.48
903234090,127893.95
903234100,127387.32
903235100,69635.81
903236010,126775.29
903401050,143669.47
903425420,117446.875
903426160,157703.48
903429010,128157.68
903452025,92905.44
905102170,124420.83
905107280,156715.31
905201110,166365.23
905201120,155879.7
905202230,193275.66
905226030,102902.78
905227050,145730.7
905352030,206483.16
905403060,108263.22
905426030,198684.06
905480150,84407.62
906223140,225810.0
906380030,240219.33
906476030,187956.38
907126030,151212.33
907135020,152310.84
907135260,143009.75
907187030,193647.78
907192130,225457.53
907196040,216804.22
907196050,216410.28
907200110,128830.195
907201060,142613.83
907202240,174226.16
907227300,116076.91
907250020,233172.28
907253060,235822.1
907253110,220951.31
907254020,274137.06
907254090,232836.73
907262030,218384.02
907262060,234803.72
907262070,186921.2
907290150,141944.88
907405020,227950.75
907405140,204947.4
907412040,191447.58
907412090,191487.56
907425035,154942.4
908128110,186173.45
908154235,498953.78
908186040,144435.22
908201110,73317.98
908226120,108247.836
908250040,111123.266
908275180,138221.55
908276140,107369.38
909250040,179302.83
909251080,138614.14
909251090,202300.42
909277070,115327.02
909281030,124154.13
909428190,185755.8
910202050,71778.94
910202100,121142.95
910226040,154236.95
911226010,106965.78
914465060,278658.38
914467050,211276.19
914476450,192387.97
916325080,329014.88
916386040,165576.2
916402215,171481.52
916403230,189430.9
916477020,329039.66
921126030,266648.28
921201060,363543.0
923203140,168302.23
923204040,167365.1
923225080,124201.86
923225150,112703.59
923225200,126402.97
923225310,101897.8
923225370,100015.85
923400040,175777.11
527105140,195208.3
527110080,176051.9
527158090,174414.52
527182040,151643.84
527184020,184930.52
527252070,249102.53
527256030,372566.2
527256040,413439.6
527301080,182408.23
527327050,189618.16
527328020,170027.47
527354050,205776.05
527357020,166388.88
527358060,187250.92
527377110,187504.31
527402090,127662.664
527404140,106933.555
527425140,110643.17
527427160,164914.0
528106040,422683.75
528106050,469184.72
528106110,464822.78
528112150,246445.64
528118050,462523.84
528142050,321407.94
528150040,363011.56
528174020,192446.88
528181070,222291.1
528181080,211334.83
528186050,287369.12
528218050,171077.39
528221030,169635.84
528221090,180347.23
528222050,170066.23
528228275,188151.69
528235160,201994.47
528235170,207227.86
528250070,202534.58
528280110,177883.56
528294010,181500.86
528326060,252279.84
528340030,405744.62
528354060,234861.5
528431030,211285.25
528435060,239970.89
528439050,232718.86
528456190,219465.31
528458080,244700.4
528458090,169831.39
528458120,250359.56
528480180,251959.34
528482030,252352.28
528482090,283690.62
531363020,142102.81
531363040,145044.1
531384070,188250.94
531385070,175931.73
531451030,185370.55
531477040,128673.15
532354010,139326.64
532354060,122209.48
532376090,137373.27
532378240,122402.164
533130170,326305.34
533208020,219823.72
533208040,193769.89
533213130,170905.67
533213140,173729.06
533251110,287252.4
533251130,201252.64
533254130,176320.92
534127140,140145.4
534151180,253862.12
534176140,166259.77
534201040,134676.0
534276180,123020.305
534278150,153117.4
534278190,118190.59
534401120,163589.44
534403040,162849.75
534403290,215582.81
534453080,118073.88
534475170,167250.2
534476080,138156.7
535101150,141396.47
535105110,159682.56
535126180,188129.8
535151020,141149.92
535151100,128149.37
535152060,131505.66
535154080,145751.27
535177110,159487.0
535181030,162512.61
535304170,135174.62
535325090,133329.81
535325280,123742.305
535325320,127988.27
535353160,122938.555
535376010,96227.2
535379110,137410.1
535450190,116447.68
535451040,125360.45
535451100,113992.43
535451110,133919.33
535453150,139381.66
535457040,121293.586
902110010,104012.266
902128160,127851.27
902201130,117060.195
902206270,130201.96
902207010,102477.164
902300020,186424.16
902301030,115279.3
902301130,114532.05
902303100,153604.0
902305010,124340.52
902332030,160965.06
902401030,144590.27
902404010,141268.7
903201090,112437.88
903204030,130898.68
903225040,125855.305
903227140,127557.516
903231090,139255.17
903234160,110300.984
903236130,202590.6
903400040,161615.88
903401070,118113.98
903425280,150495.3
903426010,139718.23
903427040,148978.06
903430040,83328.97
903453080,187358.98
903454090,128420.484
903484080,63455.945
904301110,107252.414
904302010,123541.14
905104170,114002.98
905105040,115711.4
905107140,140214.66
905226130,146556.9
905376090,163878.62
905451390,153585.83
905475520,86325.13
906200230,178420.44
906201022,193619.53
906223040,238798.6
906380200,191239.9
906382020,201450.23
906392080,172035.33
906394050,175133.56
906426195,254883.42
907125040,149248.81
907125120,132598.02
907187060,210891.69
907192020,183267.52
907192120,215383.27
907203110,131230.4
907250050,293756.66
907260040,192105.44
907401060,196207.2
907405130,188705.52
907410050,190185.92
907414060,184793.53
907420110,163090.8
908103090,114540.13
908127040,106732.734
908152280,160419.19
908152290,158466.03
908154195,574071.75
908225310,93268.8
908275200,102935.17
909252010,170859.23
909254100,153530.47
909254130,176536.45
909254140,87959.54
909275160,136117.67
909279080,188442.77
909281130,271570.84
909428120,224239.77
909455060,160115.48
909475070,218094.52
909475230,288782.88
910201050,128215.99
910202030,87392.625
911103060,123846.43
911128010,116549.34
911370450,282329.25
914452090,178279.44
914452190,139780.33
914476330,196666.73
916384050,214801.11
916403290,200412.02
916455050,207040.98
916455110,194268.75
917425190,214164.77
921126010,325356.34
921128030,335793.8
921205070,299224.44
923202134,137478.38
923228200,94149.07
923228220,90857.445
923230010,170046.12
923230120,114980.76
923251160,110277.42
923275010,153635.34
923276180,135273.14
526303060,215803.73
527106010,220260.2
527107020,173850.89
527108010,308293.3
527108030,232716.19
527108040,233358.7
527146135,308594.53
527158020,177090.55
527182020,162571.2
527190220,240931.94
527226010,167597.48
527250040,130408.625
527252090,318905.5
527356020,304516.53
527356060,173006.38
527365010,270351.16
527402210,132519.77
527450210,101893.81
527450460,110403.27
527451380,121766.92
527451460,103553.914
527451520,100432.2
528102080,421405.03
528112010,250552.55
528118010,339321.38
528120110,248846.1
528142070,361436.66
528142110,382511.66
528180080,272285.28
528186110,307094.9
528188040,180053.55
528218060,160059.16
528218130,211946.39
528228280,193622.48
528235130,199751.42
528240080,231468.27
528250060,185113.14
528280100,200959.78
528290140,191127.23
528292080,244371.58
528320060,517429.03
528358030,340621.53
528366040,347400.97
528429060,246768.08
528456200,212289.28
528477010,427491.3
528480110,178262.27
528488130,215027.8
531367010,191323.83
531375060,142650.69
531375100,169873.83
531450040,175127.89
531452100,151628.95
532376080,118968.07
532378130,104313.664
532378160,134330.95
532378220,126385.61
533110130,268587.44
533206040,167728.92
533212110,146486.2
533212120,146486.2
533242030,228462.62
533350050,394798.06
534126060,199079.72
534128210,229916.8
534176250,143879.8
534201230,138747.98
534201300,127512.516
534275010,128295.5
534276230,166773.81
534403280,148182.7
534429130,150332.06
534430110,142390.14
534451130,81842.87
534476100,141511.4
535103070,161777.48
535152280,133129.31
535176050,138266.77
535178100,147923.47
535179050,144532.64
535325350,137478.25
535325450,140312.84
535375040,85407.08
535379100,142923.03
535381060,95703.43
535382020,118869.06
535401140,142448.0
535402100,146497.66
535402230,147498.33
535403200,118709.33
535425050,150956.3
535426195,198983.28
535450100,131240.8
535451190,118415.91
902100110,166344.61
902103090,107217.02
902106040,165312.55
902111010,96458.56
902125020,94935.66
902128100,102533.766
902204060,119214.75
902204120,135527.4
902325050,176055.1
902406030,112991.91
903202120,135261.4
903231190,119150.42
903234030,120191.26
903235020,92998.25
903236200,122106.37
903425190,195892.34
903425340,110272.69
904100170,141257.66
905103130,157291.03
905105010,130660.96
905108090,156374.78
905200340,199901.02
905200380,93803.57
905202210,159198.42
905225080,220478.56
905351045,160566.89
905402110,141885.73
905426100,191401.39
905427010,223853.45
905427140,183955.52
905452140,141302.25
905475150,136587.23
906202040,172698.94
906225180,199486.8
906380110,217953.95
906380180,190294.78
906382040,210775.28
906392090,254496.73
906394010,204623.22
906426090,171034.33
906475200,245569.36
907131070,202139.39
907135230,151002.36
907180120,221040.89
907181090,208973.72
907187010,234678.8
907192010,212868.28
907194130,198737.12
907200170,134695.9
907201230,177740.1
907227090,119182.016
907290020,253388.28
907290080,234899.34
907401050,199929.42
907405030,209529.48
907410040,199184.16
907410100,186339.89
907412010,189136.84
907418020,168316.36
908102020,121162.59
908102330,109766.23
908103310,132756.69
908103320,133435.77
908127050,135897.05
908130020,128134.586
908186070,148638.45
908188110,133475.73
908188130,124454.766
908227010,91251.77
909103020,92936.72
909254070,192721.08
909275250,142218.05
909276070,167719.64
909280070,185486.9
909428110,156855.42
909475020,204013.12
910200020,95228.09
910203230,84117.68
911175360,112899.06
911175440,80697.58
911225110,70632.06
911370530,283305.34
914452060,152949.56
914476500,194847.64
916225130,306671.12
916402125,182885.67
921205030,357882.53
923202025,195699.45
923225510,133816.55
923226150,143505.28
923228180,76129.4
923228260,83891.195
923250060,156097.78
923251180,165767.22
